[gd_scene load_steps=22 format=3 uid="uid://bngl1nwkr7fdv"]

[ext_resource type="Texture2D" uid="uid://dir0wq0ywxd3a" path="res://addons/kenney_prototype-textures/PNG/Dark/texture_07.png" id="1_lvnyt"]
[ext_resource type="Texture2D" uid="uid://hgjf0m5bro0s" path="res://Sprites/Tests/skybox.png" id="2_g2afp"]
[ext_resource type="Texture2D" uid="uid://wsbtrss7n6g1" path="res://addons/kenney_prototype-textures/PNG/Dark/texture_02.png" id="2_s43xh"]
[ext_resource type="Script" path="res://Scenes/box.gd" id="5_fcgxb"]
[ext_resource type="Script" path="res://Scripts/fps counter.gd" id="5_mfeuk"]
[ext_resource type="Script" path="res://Scripts/cam_manager.gd" id="7_ong2f"]
[ext_resource type="Script" path="res://Scenes/MeshInstance3D.gd" id="8_4hn4g"]
[ext_resource type="Script" path="res://Scripts/Screenshaker.gd" id="8_hmmnb"]
[ext_resource type="Texture2D" uid="uid://cm5vjjf0qigef" path="res://Sprites/Tests/dracula.png" id="9_aptmn"]
[ext_resource type="Texture2D" uid="uid://dfhx5agqf21q8" path="res://Sprites/Tests/chrono.png" id="10_fpk3h"]
[ext_resource type="PackedScene" uid="uid://cn74tfmybnhix" path="res://addons/flowerwall_postprocess/scenes/flowerwall_crt_config_ui.tscn" id="11_7hcud"]
[ext_resource type="Texture2D" uid="uid://x00yjqxap7ij" path="res://Sprites/Tests/waterfall.png" id="11_f0at6"]
[ext_resource type="Texture2D" uid="uid://dutn6fxrdrmfb" path="res://Sprites/Tests/yellowrat.png" id="12_tseb0"]

[sub_resource type="PanoramaSkyMaterial" id="PanoramaSkyMaterial_xnnwy"]
panorama = ExtResource("2_g2afp")
filter = false

[sub_resource type="Sky" id="Sky_j6wtq"]
sky_material = SubResource("PanoramaSkyMaterial_xnnwy")

[sub_resource type="Environment" id="Environment_vl8a5"]
background_mode = 2
background_color = Color(1, 1, 1, 1)
sky = SubResource("Sky_j6wtq")
ambient_light_source = 2
ambient_light_color = Color(0.4, 0.607843, 0.807843, 1)
tonemap_mode = 3
ssao_enabled = true
glow_enabled = true
fog_light_color = Color(0.327621, 0.36289, 0.442149, 1)
volumetric_fog_sky_affect = 0.0
adjustment_enabled = true

[sub_resource type="StandardMaterial3D" id="StandardMaterial3D_0ulw7"]
albedo_color = Color(0.364706, 0.376471, 0.419608, 1)
albedo_texture = ExtResource("1_lvnyt")
uv1_scale = Vector3(0.25, 0.25, 0.25)
uv1_triplanar = true

[sub_resource type="StandardMaterial3D" id="StandardMaterial3D_2n0dr"]
albedo_texture = ExtResource("2_s43xh")

[sub_resource type="StandardMaterial3D" id="StandardMaterial3D_vjtb4"]
albedo_color = Color(1, 1, 0, 1)

[sub_resource type="TorusMesh" id="TorusMesh_ju6hj"]
material = SubResource("StandardMaterial3D_vjtb4")
inner_radius = 0.1
outer_radius = 0.175

[sub_resource type="LabelSettings" id="LabelSettings_lpu47"]
font_size = 48

[node name="Node3D" type="Node3D"]

[node name="CamManager" type="Node" parent="." node_paths=PackedStringArray("positions", "camera")]
script = ExtResource("7_ong2f")
positions = [NodePath("Position"), NodePath("Position2"), NodePath("Position3"), NodePath("Position4"), NodePath("Position5"), NodePath("Position6"), NodePath("Position7")]
camera = NodePath("../Camera3D2")

[node name="Position" type="Node3D" parent="CamManager"]
transform = Transform3D(-0.967864, -0.0140625, -0.25108, 0, 0.998435, -0.0559205, 0.251474, -0.0541234, -0.96635, -1.31937, 1.00926, -5.34942)

[node name="Position2" type="Node3D" parent="CamManager"]
transform = Transform3D(-0.651269, 0.75881, -0.00749341, 0, 0.00987474, 0.999951, 0.758847, 0.651237, -0.00643111, 0.127397, 7.87001, 0.440965)

[node name="Position3" type="Node3D" parent="CamManager"]
transform = Transform3D(-0.62781, 0.423539, 0.653047, 0, 0.838996, -0.544137, -0.778367, -0.341615, -0.52673, 2.97274, 0.430194, -2.5691)

[node name="Position4" type="Node3D" parent="CamManager"]
transform = Transform3D(0.451926, 0.0598308, 0.890047, 0, 0.997748, -0.0670707, -0.892055, 0.030311, 0.450909, 2.21574, 0.881425, 1.05627)

[node name="Position5" type="Node3D" parent="CamManager"]
transform = Transform3D(0.880462, 0.403792, -0.248471, 0, 0.524072, 0.851674, 0.474116, -0.749867, 0.461426, -0.440954, 3.60195, 1.36987)

[node name="Position6" type="Node3D" parent="CamManager"]
transform = Transform3D(0.266582, 0.73217, -0.626786, 0, 0.65032, 0.75966, 0.963812, -0.202512, 0.173364, -1.4255, 3.20042, 0.241001)

[node name="Position7" type="Node3D" parent="CamManager"]
transform = Transform3D(-0.620817, 0.5934, -0.512312, 0, 0.653496, 0.75693, 0.783956, 0.469915, -0.405701, -1.35126, 2.94185, -1.33015)

[node name="Camera3D2" type="Camera3D" parent="."]
transform = Transform3D(1, 0, 0, 0, 0.998695, -0.0510807, 0, 0.0510807, 0.998695, 1.63437, 1.91854, 0.0626006)
current = true
fov = 90.2

[node name="Décor" type="Node3D" parent="."]

[node name="WorldEnvironment" type="WorldEnvironment" parent="Décor"]
environment = SubResource("Environment_vl8a5")

[node name="DirectionalLight3D" type="DirectionalLight3D" parent="Décor"]
transform = Transform3D(0.85888, -0.202978, 0.470239, -0.281572, 0.579803, 0.764556, -0.427834, -0.789068, 0.440828, 0, 10.7901, 0)
light_energy = 1.5
shadow_enabled = true

[node name="Floor" type="CSGBox3D" parent="Décor"]
transform = Transform3D(1, 0, 0, 0, 1, 0, 0, 0, 1, 0, 0.05, 0)
size = Vector3(150, 0.1, 150)
material = SubResource("StandardMaterial3D_0ulw7")

[node name="Box3" type="CSGBox3D" parent="Décor"]
transform = Transform3D(-0.490265, 0, -0.871574, 0, 1, 0, 0.871574, 0, -0.490265, 3.79879, 1.64079, -2.99984)
material = SubResource("StandardMaterial3D_2n0dr")

[node name="Box" type="CSGBox3D" parent="Décor"]
transform = Transform3D(0.871574, 0, -0.490265, 0, 1, 0, 0.490265, 0, 0.871574, 2.91117, 0.638542, -2.75153)
material = SubResource("StandardMaterial3D_2n0dr")
script = ExtResource("5_fcgxb")

[node name="Box2" type="CSGBox3D" parent="Décor"]
transform = Transform3D(0.99848, 0, -0.0551072, 0, 1, 0, 0.0551072, 0, 0.99848, 4.14201, 0.627497, -2.68423)
size = Vector3(1, 1, 2)
material = SubResource("StandardMaterial3D_2n0dr")

[node name="MeshInstance3D" type="MeshInstance3D" parent="Décor"]
transform = Transform3D(1, 0, 0, 0, -4.37114e-08, -1, 0, 1, -4.37114e-08, -1, 0.970123, -3.92111)
visible = false
mesh = SubResource("TorusMesh_ju6hj")
script = ExtResource("8_4hn4g")
speed = 0.5
amplitude = 0.05

[node name="MeshInstance3D4" type="MeshInstance3D" parent="Décor"]
transform = Transform3D(1, 0, 0, 0, -4.37114e-08, -1, 0, 1, -4.37114e-08, -1, 0.970123, -4.92111)
visible = false
mesh = SubResource("TorusMesh_ju6hj")
script = ExtResource("8_4hn4g")
speed = 0.5
amplitude = 0.05

[node name="MeshInstance3D5" type="MeshInstance3D" parent="Décor"]
transform = Transform3D(1, 0, 0, 0, -4.37114e-08, -1, 0, 1, -4.37114e-08, -1, 0.970123, -5.92111)
visible = false
mesh = SubResource("TorusMesh_ju6hj")
script = ExtResource("8_4hn4g")
speed = 0.5
amplitude = 0.05

[node name="MeshInstance3D6" type="MeshInstance3D" parent="Décor"]
transform = Transform3D(1, 0, 0, 0, -4.37114e-08, -1, 0, 1, -4.37114e-08, -1, 0.970123, -6.92111)
visible = false
mesh = SubResource("TorusMesh_ju6hj")
script = ExtResource("8_4hn4g")
speed = 0.5
amplitude = 0.05

[node name="MeshInstance3D2" type="MeshInstance3D" parent="Décor"]
transform = Transform3D(1, 0, 0, 0, -4.37114e-08, -1, 0, 1, -4.37114e-08, -1, 0.970123, -2.92111)
visible = false
mesh = SubResource("TorusMesh_ju6hj")
script = ExtResource("8_4hn4g")
speed = 0.5
amplitude = 0.05

[node name="MeshInstance3D3" type="MeshInstance3D" parent="Décor"]
transform = Transform3D(1, 0, 0, 0, -4.37114e-08, -1, 0, 1, -4.37114e-08, -1, 0.970123, -1.92111)
visible = false
mesh = SubResource("TorusMesh_ju6hj")
script = ExtResource("8_4hn4g")
speed = 0.5
amplitude = 0.05

[node name="MeshInstance3D7" type="MeshInstance3D" parent="Décor"]
transform = Transform3D(1, 0, 0, 0, -4.37114e-08, -1, 0, 1, -4.37114e-08, -0.187246, 0.970123, -3.92111)
visible = false
mesh = SubResource("TorusMesh_ju6hj")
script = ExtResource("8_4hn4g")
speed = 0.5
amplitude = 0.05

[node name="MeshInstance3D8" type="MeshInstance3D" parent="Décor"]
transform = Transform3D(1, 0, 0, 0, -4.37114e-08, -1, 0, 1, -4.37114e-08, -0.187246, 0.970123, -4.92111)
visible = false
mesh = SubResource("TorusMesh_ju6hj")
script = ExtResource("8_4hn4g")
speed = 0.5
amplitude = 0.05

[node name="MeshInstance3D9" type="MeshInstance3D" parent="Décor"]
transform = Transform3D(1, 0, 0, 0, -4.37114e-08, -1, 0, 1, -4.37114e-08, -0.187246, 0.970123, -5.92111)
visible = false
mesh = SubResource("TorusMesh_ju6hj")
script = ExtResource("8_4hn4g")
speed = 0.5
amplitude = 0.05

[node name="MeshInstance3D10" type="MeshInstance3D" parent="Décor"]
transform = Transform3D(1, 0, 0, 0, -4.37114e-08, -1, 0, 1, -4.37114e-08, -0.187246, 0.970123, -6.92111)
visible = false
mesh = SubResource("TorusMesh_ju6hj")
script = ExtResource("8_4hn4g")
speed = 0.5
amplitude = 0.05

[node name="MeshInstance3D11" type="MeshInstance3D" parent="Décor"]
transform = Transform3D(1, 0, 0, 0, -4.37114e-08, -1, 0, 1, -4.37114e-08, -0.187246, 0.970123, -2.92111)
visible = false
mesh = SubResource("TorusMesh_ju6hj")
script = ExtResource("8_4hn4g")
speed = 0.5
amplitude = 0.05

[node name="MeshInstance3D12" type="MeshInstance3D" parent="Décor"]
transform = Transform3D(1, 0, 0, 0, -4.37114e-08, -1, 0, 1, -4.37114e-08, -0.187246, 0.970123, -1.92111)
visible = false
mesh = SubResource("TorusMesh_ju6hj")
script = ExtResource("8_4hn4g")
speed = 0.5
amplitude = 0.05

[node name="CanvasLayer" type="CanvasLayer" parent="."]
layer = 110

[node name="FlowerwallCrtConfigUi" parent="CanvasLayer" instance=ExtResource("11_7hcud")]

[node name="fps counter" type="Label" parent="CanvasLayer"]
anchors_preset = 2
anchor_top = 1.0
anchor_bottom = 1.0
offset_left = 43.0
offset_top = -101.0
offset_right = 258.0
offset_bottom = -34.0
grow_vertical = 0
text = "FPS: 144"
label_settings = SubResource("LabelSettings_lpu47")
script = ExtResource("5_mfeuk")

[node name="Screenshaker" type="Node" parent="."]
script = ExtResource("8_hmmnb")

[node name="Dracula" type="Sprite2D" parent="."]
visible = false
position = Vector2(228, 278)
scale = Vector2(0.594255, 0.594255)
texture = ExtResource("9_aptmn")

[node name="Chrono" type="Sprite2D" parent="."]
visible = false
position = Vector2(591, 192)
scale = Vector2(0.15988, 0.15988)
texture = ExtResource("10_fpk3h")

[node name="Waterfall" type="Sprite2D" parent="."]
visible = false
position = Vector2(705, 673)
scale = Vector2(0.492932, 0.492932)
texture = ExtResource("11_f0at6")

[node name="Yellowrat" type="Sprite2D" parent="."]
visible = false
position = Vector2(226, 658.641)
scale = Vector2(0.247793, 0.247793)
texture = ExtResource("12_tseb0")
