[gd_scene load_steps=33 format=3 uid="uid://bngl1nwkr7fdv"]

[ext_resource type="Texture2D" uid="uid://dir0wq0ywxd3a" path="res://addons/kenney_prototype-textures/PNG/Dark/texture_07.png" id="1_lvnyt"]
[ext_resource type="Script" uid="uid://05tiuwucku10" path="res://addons/shaker/src/Vector3/shaker_component3D.gd" id="2_p4mam"]
[ext_resource type="Texture2D" uid="uid://wsbtrss7n6g1" path="res://addons/kenney_prototype-textures/PNG/Dark/texture_02.png" id="2_s43xh"]
[ext_resource type="Script" uid="uid://cbmnqje25kmr" path="res://Scripts/cam_manager.gd" id="7_ong2f"]
[ext_resource type="Shader" uid="uid://bjcvw0ax85sbk" path="res://Scenes/main_3d.tres" id="7_rnmgt"]
[ext_resource type="Script" uid="uid://d0rpaf7w7di6n" path="res://Scenes/MeshInstance3D.gd" id="8_4hn4g"]
[ext_resource type="Script" uid="uid://bytarhu8wr7qb" path="res://Scripts/Screenshaker.gd" id="8_hmmnb"]
[ext_resource type="Texture2D" uid="uid://cm5vjjf0qigef" path="res://Sprites/Tests/dracula.png" id="9_aptmn"]
[ext_resource type="Shader" uid="uid://bxgchxp4h4ic" path="res://shaders/woob.gdshader" id="9_jfrqb"]
[ext_resource type="Texture2D" uid="uid://dfhx5agqf21q8" path="res://Sprites/Tests/chrono.png" id="10_fpk3h"]
[ext_resource type="Texture2D" uid="uid://dtojqucwy6cne" path="res://Sprites/tumblr_ad5b56752939add79a6ca17ad015c08b_1954126f_1280.png" id="10_rnmgt"]
[ext_resource type="Texture2D" uid="uid://dutn6fxrdrmfb" path="res://Sprites/Tests/yellowrat.png" id="12_tseb0"]
[ext_resource type="Script" uid="uid://yduu3nrae050" path="res://Scenes/node.gd" id="15_p4mam"]
[ext_resource type="Texture2D" uid="uid://dkb4wejxcba8m" path="res://Sprites/xZXx6PBmyZ.png" id="15_vgrj3"]
[ext_resource type="Script" uid="uid://cw7avcqhr05yw" path="res://Scenes/h_slider.gd" id="16_r4ket"]
[ext_resource type="Resource" uid="uid://cvklw5ika1tao" path="res://addons/shaker/data/resources/shaker_earthquake3D.tres" id="16_vgrj3"]
[ext_resource type="Texture2D" uid="uid://dhww0tuwhvkue" path="res://Sprites/9izNRFqRcT.png" id="17_r4ket"]
[ext_resource type="Texture2D" uid="uid://btiaugibpt0g2" path="res://Sprites/3176.png" id="18_0541i"]

[sub_resource type="ProceduralSkyMaterial" id="ProceduralSkyMaterial_p4mam"]
sky_top_color = Color(0.255873, 0.417454, 0.528286, 1)
sky_horizon_color = Color(0.82468, 0.553944, 0.743615, 1)
ground_bottom_color = Color(0.493495, 0.371107, 0.591856, 1)
ground_horizon_color = Color(0.823529, 0.552941, 0.745098, 1)

[sub_resource type="Sky" id="Sky_vgrj3"]
sky_material = SubResource("ProceduralSkyMaterial_p4mam")

[sub_resource type="Environment" id="Environment_vl8a5"]
background_mode = 2
background_color = Color(1, 1, 1, 1)
sky = SubResource("Sky_vgrj3")
ambient_light_source = 2
ambient_light_color = Color(0.345098, 0.545098, 0.796078, 1)
tonemap_mode = 2
sdfgi_use_occlusion = true
glow_enabled = true
fog_light_color = Color(0.327621, 0.36289, 0.442149, 1)
volumetric_fog_sky_affect = 0.0

[sub_resource type="StandardMaterial3D" id="StandardMaterial3D_0ulw7"]
transparency = 1
albedo_color = Color(0.364706, 0.376471, 0.419608, 0.827451)
albedo_texture = ExtResource("1_lvnyt")
metallic = 0.28
roughness = 0.0
uv1_scale = Vector3(0.25, 0.25, 0.25)
uv1_triplanar = true

[sub_resource type="StandardMaterial3D" id="StandardMaterial3D_2n0dr"]
albedo_texture = ExtResource("2_s43xh")

[sub_resource type="StandardMaterial3D" id="StandardMaterial3D_vjtb4"]
albedo_color = Color(1, 1, 0, 1)

[sub_resource type="TorusMesh" id="TorusMesh_ju6hj"]
material = SubResource("StandardMaterial3D_vjtb4")
inner_radius = 0.1
outer_radius = 0.175

[sub_resource type="ShaderMaterial" id="ShaderMaterial_jfrqb"]
shader = ExtResource("7_rnmgt")

[sub_resource type="ShaderMaterial" id="ShaderMaterial_cciro"]
shader = ExtResource("9_jfrqb")
shader_parameter/amplitude = 0.025
shader_parameter/frequency = 10.825
shader_parameter/speed = 3.835

[sub_resource type="Gradient" id="Gradient_p4mam"]

[sub_resource type="FastNoiseLite" id="FastNoiseLite_vgrj3"]

[sub_resource type="NoiseTexture2D" id="NoiseTexture2D_r4ket"]
width = 2048
height = 648
as_normal_map = true
color_ramp = SubResource("Gradient_p4mam")
noise = SubResource("FastNoiseLite_vgrj3")

[sub_resource type="StandardMaterial3D" id="StandardMaterial3D_0541i"]
albedo_texture = SubResource("NoiseTexture2D_r4ket")

[sub_resource type="SphereMesh" id="SphereMesh_bnwrw"]
material = SubResource("StandardMaterial3D_0541i")
radius = 50.0
height = 100.0

[node name="Node3D" type="Node3D"]

[node name="CamManager" type="Node" parent="." node_paths=PackedStringArray("positions", "camera")]
script = ExtResource("7_ong2f")
positions = [NodePath("Position"), NodePath("Position2"), NodePath("Position3"), NodePath("Position4"), NodePath("Position5"), NodePath("Position6"), NodePath("Position7")]
camera = NodePath("../Camera3D2")

[node name="Position" type="Node3D" parent="CamManager"]
transform = Transform3D(-0.967864, -0.0140625, -0.25108, 0, 0.998435, -0.0559205, 0.251474, -0.0541234, -0.96635, -1.31937, 1.00926, -5.34942)

[node name="Position2" type="Node3D" parent="CamManager"]
transform = Transform3D(-0.651269, 0.75881, -0.00749341, 0, 0.00987474, 0.999951, 0.758847, 0.651237, -0.00643111, 0.127397, 7.87001, 0.440965)

[node name="Position3" type="Node3D" parent="CamManager"]
transform = Transform3D(-0.62781, 0.423539, 0.653047, 0, 0.838996, -0.544137, -0.778367, -0.341615, -0.52673, 2.97274, 0.430194, -2.5691)

[node name="Position4" type="Node3D" parent="CamManager"]
transform = Transform3D(0.451926, 0.0598308, 0.890047, 0, 0.997748, -0.0670707, -0.892055, 0.030311, 0.450909, 2.21574, 0.881425, 1.05627)

[node name="Position5" type="Node3D" parent="CamManager"]
transform = Transform3D(0.880462, 0.403792, -0.248471, 0, 0.524072, 0.851674, 0.474116, -0.749867, 0.461426, -0.440954, 3.60195, 1.36987)

[node name="Position6" type="Node3D" parent="CamManager"]
transform = Transform3D(0.266582, 0.73217, -0.626786, 0, 0.65032, 0.75966, 0.963812, -0.202512, 0.173364, -1.4255, 3.20042, 0.241001)

[node name="Position7" type="Node3D" parent="CamManager"]
transform = Transform3D(-0.620817, 0.5934, -0.512312, 0, 0.653496, 0.75693, 0.783956, 0.469915, -0.405701, -1.35126, 2.94185, -1.33015)

[node name="Camera3D2" type="Camera3D" parent="."]
transform = Transform3D(1, 1.23535e-16, 0, -1.21839e-16, 0.986274, 0.165118, 2.03978e-17, -0.165118, 0.986274, 1.63437, 1.91852, 0.782473)
current = true
fov = 90.2
far = 40000.0

[node name="ShakerComponent3D" type="Node3D" parent="Camera3D2"]
script = ExtResource("2_p4mam")
AutoPlay = true
duration = 1.0
fade_in = 1e-05
fade_out = 0.933033
shakerPreset = ExtResource("16_vgrj3")
metadata/_custom_type_script = "uid://05tiuwucku10"

[node name="Décor" type="Node3D" parent="."]

[node name="WorldEnvironment" type="WorldEnvironment" parent="Décor"]
environment = SubResource("Environment_vl8a5")

[node name="DirectionalLight3D" type="DirectionalLight3D" parent="Décor"]
transform = Transform3D(0.85888, -0.202978, 0.470239, -0.281572, 0.579803, 0.764556, -0.427834, -0.789068, 0.440828, 0, 10.7901, 0)
light_energy = 1.5
shadow_enabled = true

[node name="Floor" type="CSGBox3D" parent="Décor"]
transform = Transform3D(1, 0, 0, 0, 1, 0, 0, 0, 1, 0, 0.05, 0)
size = Vector3(150, 0.1, 150)
material = SubResource("StandardMaterial3D_0ulw7")

[node name="Box3" type="CSGBox3D" parent="Décor"]
transform = Transform3D(-0.490265, 0, -0.871574, 0, 1, 0, 0.871574, 0, -0.490265, 3.79879, 1.61319, -2.99984)
material = SubResource("StandardMaterial3D_2n0dr")

[node name="Box" type="CSGBox3D" parent="Décor"]
transform = Transform3D(0.871574, 0, -0.490265, 0, 1, 0, 0.490265, 0, 0.871574, 2.91117, 0.610938, -2.75153)
material = SubResource("StandardMaterial3D_2n0dr")

[node name="Box2" type="CSGBox3D" parent="Décor"]
transform = Transform3D(0.99848, 0, -0.0551072, 0, 1, 0, 0.0551072, 0, 0.99848, 4.14201, 0.599893, -2.68423)
size = Vector3(1, 1, 2)
material = SubResource("StandardMaterial3D_2n0dr")

[node name="Ring" type="MeshInstance3D" parent="Décor"]
transform = Transform3D(1, 0, 0, 0, -4.37114e-08, -1, 0, 1, -4.37114e-08, -1, 0.970123, -3.92111)
mesh = SubResource("TorusMesh_ju6hj")
script = ExtResource("8_4hn4g")
speed = 1.0
amplitude = 0.05

[node name="Ring2" type="MeshInstance3D" parent="Décor"]
transform = Transform3D(1, 0, 0, 0, -4.37114e-08, -1, 0, 1, -4.37114e-08, -1, 0.970123, -4.92111)
mesh = SubResource("TorusMesh_ju6hj")
script = ExtResource("8_4hn4g")
speed = 1.0
amplitude = 0.05

[node name="Ring3" type="MeshInstance3D" parent="Décor"]
transform = Transform3D(1, 0, 0, 0, -4.37114e-08, -1, 0, 1, -4.37114e-08, -1, 0.970123, -5.92111)
mesh = SubResource("TorusMesh_ju6hj")
script = ExtResource("8_4hn4g")
speed = 1.0
amplitude = 0.05

[node name="Ring4" type="MeshInstance3D" parent="Décor"]
transform = Transform3D(1, 0, 0, 0, -4.37114e-08, -1, 0, 1, -4.37114e-08, -1, 0.970123, -6.92111)
mesh = SubResource("TorusMesh_ju6hj")
script = ExtResource("8_4hn4g")
speed = 1.0
amplitude = 0.05

[node name="Ring5" type="MeshInstance3D" parent="Décor"]
transform = Transform3D(1, 0, 0, 0, -4.37114e-08, -1, 0, 1, -4.37114e-08, -1, 0.970123, -2.92111)
mesh = SubResource("TorusMesh_ju6hj")
script = ExtResource("8_4hn4g")
speed = 1.0
amplitude = 0.05

[node name="Ring6" type="MeshInstance3D" parent="Décor"]
transform = Transform3D(1, 0, 0, 0, -4.37114e-08, -1, 0, 1, -4.37114e-08, -1, 0.970123, -1.92111)
mesh = SubResource("TorusMesh_ju6hj")
script = ExtResource("8_4hn4g")
speed = 1.0
amplitude = 0.05

[node name="Ring7" type="MeshInstance3D" parent="Décor"]
transform = Transform3D(1, 0, 0, 0, -4.37114e-08, -1, 0, 1, -4.37114e-08, -0.187246, 0.970123, -3.92111)
mesh = SubResource("TorusMesh_ju6hj")
script = ExtResource("8_4hn4g")
speed = 1.0
amplitude = 0.05

[node name="Ring8" type="MeshInstance3D" parent="Décor"]
transform = Transform3D(1, 0, 0, 0, -4.37114e-08, -1, 0, 1, -4.37114e-08, -0.187246, 0.970123, -4.92111)
mesh = SubResource("TorusMesh_ju6hj")
script = ExtResource("8_4hn4g")
speed = 1.0
amplitude = 0.05

[node name="Ring9" type="MeshInstance3D" parent="Décor"]
transform = Transform3D(1, 0, 0, 0, -4.37114e-08, -1, 0, 1, -4.37114e-08, -0.187246, 0.970123, -5.92111)
mesh = SubResource("TorusMesh_ju6hj")
script = ExtResource("8_4hn4g")
speed = 1.0
amplitude = 0.05

[node name="Ring10" type="MeshInstance3D" parent="Décor"]
transform = Transform3D(1, 0, 0, 0, -4.37114e-08, -1, 0, 1, -4.37114e-08, -0.187246, 0.970123, -6.92111)
mesh = SubResource("TorusMesh_ju6hj")
script = ExtResource("8_4hn4g")
speed = 1.0
amplitude = 0.05

[node name="Ring11" type="MeshInstance3D" parent="Décor"]
transform = Transform3D(1, 0, 0, 0, -4.37114e-08, -1, 0, 1, -4.37114e-08, -0.187246, 0.970123, -2.92111)
mesh = SubResource("TorusMesh_ju6hj")
script = ExtResource("8_4hn4g")
speed = 1.0
amplitude = 0.05

[node name="Ring12" type="MeshInstance3D" parent="Décor"]
transform = Transform3D(1, 0, 0, 0, -4.37114e-08, -1, 0, 1, -4.37114e-08, -0.187246, 0.970123, -1.92111)
mesh = SubResource("TorusMesh_ju6hj")
script = ExtResource("8_4hn4g")
speed = 1.0
amplitude = 0.05

[node name="ReflectedRing" type="MeshInstance3D" parent="Décor"]
transform = Transform3D(1, 0, 0, 0, -4.37114e-08, -1, 0, 1, -4.37114e-08, -1, -0.721185, -3.92111)
mesh = SubResource("TorusMesh_ju6hj")
skeleton = NodePath("../..")
script = ExtResource("8_4hn4g")
speed = 1.0
amplitude = -0.05

[node name="ReflectedRing2" type="MeshInstance3D" parent="Décor"]
transform = Transform3D(1, 0, 0, 0, -4.37114e-08, -1, 0, 1, -4.37114e-08, -1, -0.721185, -4.92111)
mesh = SubResource("TorusMesh_ju6hj")
skeleton = NodePath("../..")
script = ExtResource("8_4hn4g")
speed = 1.0
amplitude = -0.05

[node name="ReflectedRing3" type="MeshInstance3D" parent="Décor"]
transform = Transform3D(1, 0, 0, 0, -4.37114e-08, -1, 0, 1, -4.37114e-08, -1, -0.721185, -5.92111)
mesh = SubResource("TorusMesh_ju6hj")
skeleton = NodePath("../..")
script = ExtResource("8_4hn4g")
speed = 1.0
amplitude = -0.05

[node name="ReflectedRing4" type="MeshInstance3D" parent="Décor"]
transform = Transform3D(1, 0, 0, 0, -4.37114e-08, -1, 0, 1, -4.37114e-08, -1, -0.721185, -6.92111)
mesh = SubResource("TorusMesh_ju6hj")
skeleton = NodePath("../..")
script = ExtResource("8_4hn4g")
speed = 1.0
amplitude = -0.05

[node name="ReflectedRing5" type="MeshInstance3D" parent="Décor"]
transform = Transform3D(1, 0, 0, 0, -4.37114e-08, -1, 0, 1, -4.37114e-08, -1, -0.721185, -2.92111)
mesh = SubResource("TorusMesh_ju6hj")
skeleton = NodePath("../..")
script = ExtResource("8_4hn4g")
speed = 1.0
amplitude = -0.05

[node name="ReflectedRing6" type="MeshInstance3D" parent="Décor"]
transform = Transform3D(1, 0, 0, 0, -4.37114e-08, -1, 0, 1, -4.37114e-08, -1, -0.721185, -1.92111)
mesh = SubResource("TorusMesh_ju6hj")
skeleton = NodePath("../..")
script = ExtResource("8_4hn4g")
speed = 1.0
amplitude = -0.05

[node name="ReflectedRing7" type="MeshInstance3D" parent="Décor"]
transform = Transform3D(1, 0, 0, 0, -4.37114e-08, -1, 0, 1, -4.37114e-08, -0.187246, -0.721185, -3.92111)
mesh = SubResource("TorusMesh_ju6hj")
skeleton = NodePath("../..")
script = ExtResource("8_4hn4g")
speed = 1.0
amplitude = -0.05

[node name="ReflectedRing8" type="MeshInstance3D" parent="Décor"]
transform = Transform3D(1, 0, 0, 0, -4.37114e-08, -1, 0, 1, -4.37114e-08, -0.187246, -0.721185, -4.92111)
mesh = SubResource("TorusMesh_ju6hj")
skeleton = NodePath("../..")
script = ExtResource("8_4hn4g")
speed = 1.0
amplitude = -0.05

[node name="ReflectedRing9" type="MeshInstance3D" parent="Décor"]
transform = Transform3D(1, 0, 0, 0, -4.37114e-08, -1, 0, 1, -4.37114e-08, -0.187246, -0.721185, -5.92111)
mesh = SubResource("TorusMesh_ju6hj")
skeleton = NodePath("../..")
script = ExtResource("8_4hn4g")
speed = 1.0
amplitude = -0.05

[node name="ReflectedRing10" type="MeshInstance3D" parent="Décor"]
transform = Transform3D(1, 0, 0, 0, -4.37114e-08, -1, 0, 1, -4.37114e-08, -0.187246, -0.721185, -6.92111)
mesh = SubResource("TorusMesh_ju6hj")
skeleton = NodePath("../..")
script = ExtResource("8_4hn4g")
speed = 1.0
amplitude = -0.05

[node name="ReflectedRing11" type="MeshInstance3D" parent="Décor"]
transform = Transform3D(1, 0, 0, 0, -4.37114e-08, -1, 0, 1, -4.37114e-08, -0.187246, -0.721185, -2.92111)
mesh = SubResource("TorusMesh_ju6hj")
skeleton = NodePath("../..")
script = ExtResource("8_4hn4g")
speed = 1.0
amplitude = -0.05

[node name="ReflectedRing12" type="MeshInstance3D" parent="Décor"]
transform = Transform3D(1, 0, 0, 0, -4.37114e-08, -1, 0, 1, -4.37114e-08, -0.187246, -0.721185, -1.92111)
mesh = SubResource("TorusMesh_ju6hj")
skeleton = NodePath("../..")
script = ExtResource("8_4hn4g")
speed = 1.0
amplitude = -0.05

[node name="ReflectedBox" type="CSGBox3D" parent="Décor"]
transform = Transform3D(-0.490265, 0, -0.871574, 0, 1, 0, 0.871574, 0, -0.490265, 3.79879, -1.43549, -2.99984)
material = SubResource("StandardMaterial3D_2n0dr")

[node name="ReflectedBox2" type="CSGBox3D" parent="Décor"]
transform = Transform3D(0.871574, 0, -0.490265, 0, 1, 0, 0.490265, 0, 0.871574, 2.91117, -0.403305, -2.75153)
material = SubResource("StandardMaterial3D_2n0dr")

[node name="ReflectedBox3" type="CSGBox3D" parent="Décor"]
transform = Transform3D(0.99848, 0, -0.0551072, 0, 1, 0, 0.0551072, 0, 0.99848, 4.14201, -0.41435, -2.68423)
size = Vector3(1, 1, 2)
material = SubResource("StandardMaterial3D_2n0dr")

[node name="Screenshaker" type="Node" parent="."]
script = ExtResource("8_hmmnb")
i = 1.0

[node name="Dracula" type="Sprite2D" parent="."]
visible = false
texture_repeat = 2
material = SubResource("ShaderMaterial_jfrqb")
position = Vector2(223, 278)
scale = Vector2(0.594255, 0.594255)
texture = ExtResource("9_aptmn")

[node name="Chrono" type="Sprite2D" parent="."]
visible = false
material = SubResource("ShaderMaterial_cciro")
position = Vector2(930, 228)
scale = Vector2(0.15988, 0.15988)
texture = ExtResource("10_fpk3h")
offset = Vector2(-10, -10)

[node name="Waterfall" type="Sprite2D" parent="."]
visible = false
position = Vector2(567, 320)
scale = Vector2(1.5, 1.5)
texture = ExtResource("10_rnmgt")

[node name="Yellowrat" type="Sprite2D" parent="."]
visible = false
position = Vector2(995, 518)
scale = Vector2(0.247793, 0.247793)
texture = ExtResource("12_tseb0")

[node name="Node" type="Node" parent="."]
script = ExtResource("15_p4mam")

[node name="XZXx6pBmyZ" type="Sprite2D" parent="."]
visible = false
position = Vector2(682, 370)
texture = ExtResource("15_vgrj3")

[node name="MeshInstance3D" type="MeshInstance3D" parent="."]
transform = Transform3D(-5.20966e-06, 25.8819, -96.5926, -100, -4.37114e-06, 4.2222e-06, -3.12941e-06, 96.5926, 25.8819, -1594.33, 11135.2, 1095.94)
mesh = SubResource("SphereMesh_bnwrw")

[node name="HSlider" type="HSlider" parent="."]
offset_left = 783.0
offset_top = 533.0
offset_right = 993.0
offset_bottom = 631.0
script = ExtResource("16_r4ket")

[node name="SubViewportContainer" type="SubViewportContainer" parent="."]
visible = false
anchors_preset = 15
anchor_right = 1.0
anchor_bottom = 1.0
grow_horizontal = 2
grow_vertical = 2

[node name="SubViewport" type="SubViewport" parent="SubViewportContainer"]
handle_input_locally = false
scaling_3d_scale = 1.0
size = Vector2i(2560, 1440)
render_target_update_mode = 0

[node name="9IzNrFqRcT" type="Sprite2D" parent="SubViewportContainer/SubViewport"]
position = Vector2(1280, 720)
texture = ExtResource("17_r4ket")

[node name="3176" type="Sprite2D" parent="SubViewportContainer/SubViewport"]
visible = false
position = Vector2(1372, 442)
scale = Vector2(4, 4)
texture = ExtResource("18_0541i")
